{
  "transition_count_matrix": [
    [
      12543,
      276,
      145,
      557
    ],
    [
      956,
      13913,
      212,
      728
    ],
    [
      333,
      346,
      5969,
      213
    ],
    [
      713,
      363,
      145,
      10532
    ]
  ],
  "transition_prob_matrix": [
    [
      0.9277,
      0.0204,
      0.0107,
      0.0412
    ],
    [
      0.0605,
      0.8801,
      0.0134,
      0.046
    ],
    [
      0.0485,
      0.0504,
      0.87,
      0.031
    ],
    [
      0.0607,
      0.0309,
      0.0123,
      0.8961
    ]
  ],
  "total_transition_events": 47944,
  "self_transition_events": 42957,
  "non_self_transition_events": 4987,
  "non_self_fraction": 0.104,
  "top_non_self_transitions": [
    {
      "from": 1,
      "to": 0,
      "count": 956,
      "prob": 0.0605
    },
    {
      "from": 1,
      "to": 3,
      "count": 728,
      "prob": 0.046
    },
    {
      "from": 3,
      "to": 0,
      "count": 713,
      "prob": 0.0607
    },
    {
      "from": 0,
      "to": 3,
      "count": 557,
      "prob": 0.0412
    },
    {
      "from": 3,
      "to": 1,
      "count": 363,
      "prob": 0.0309
    },
    {
      "from": 2,
      "to": 1,
      "count": 346,
      "prob": 0.0504
    },
    {
      "from": 2,
      "to": 0,
      "count": 333,
      "prob": 0.0485
    },
    {
      "from": 0,
      "to": 1,
      "count": 276,
      "prob": 0.0204
    },
    {
      "from": 2,
      "to": 3,
      "count": 213,
      "prob": 0.031
    },
    {
      "from": 1,
      "to": 2,
      "count": 212,
      "prob": 0.0134
    }
  ],
  "transition_entropy": 2.5495,
  "max_possible_entropy": 4.0,
  "entropy_ratio": 0.6374
}